1743459029193
1743459029194
1743459029195
1743459029195
1743459029195
1743459029195
1743459029195
1743459029196
1743459029196
1743459029196
1743459029224
1743459029225
1743459029225
1743459029225
1743459029225
1743459029225
1743459029225
1743459029231
1743459029248
1743459029265
1743459029283
1743459029300
1743459029317
1743459029332
1743459029348
1743459029369
1743459029387
1743459029427
1743459029427
1743459029433
1743459029476
1743459029503
1743459029505
1743459029505
1743459029516
1743459029531
1743459029553
1743459029564
1743459029580
1743459029600
1743459029619
1743459029634
1743459029649
1743459029667
1743459029680
1743459029721
1743459029721
1743459029740
1743459029747
1743459029766
1743459029781
1743459029799
1743459029816
1743459029832
1743459029849
1743459029866
1743459029881
1743459029898
1743459029917
1743459029933
1743459029949
1743459029971
1743459029981
1743459029999
1743459030016
1743459030031
1743459030048
1743459030065
1743459030084
1743459030097
1743459030123
1743459030172
1743459030173
1743459030173
1743459030183
1743459030197
1743459030214
1743459030231
1743459030249
1743459030281
1743459030284
1743459030298
1743459030324
1743459030334
1743459030350
1743459030365
1743459030382
1743459030398
1743459030414
1743459030431
1743459030450
1743459030465
1743459030484
1743459030498
1743459030515
1743459030533
1743459030549
1743459031038
1743459031038
1743459031038
1743459031038
1743459031038
1743459031038
1743459031038
1743459031038
1743459031038
1743459031038
1743459031038
1743459031038
1743459031038
1743459031038
1743459031039
1743459031039
1743459031039
1743459031039
1743459031039
1743459031240
1743459031240
1743459031240
1743459031240
1743459031240
1743459031240
1743459031240
1743459031241
1743459031241
1743459031241
1743459031241
1743459031241
1743459031241
1743459031241
1743459031241
1743459031241
1743459031241
1743459031241
1743459031241
1743459031241
1743459031241
1743459031250
1743459031266
1743459031280
1743459031300
1743459031314
1743459031332
1743459031348
1743459031371
1743459031387
1743459031398
1743459031420
1743459031434
1743459031451
1743459031467
1743459031480
1743459031497
1743459031514
1743459031529
1743459031586
1743459031586
1743459031586
1743459031599
1743459031616
1743459031631
1743459031649
1743459031665
1743459031719
1743459031719
1743459031719
1743459031731
1743459031756
1743459031767
1743459031784
1743459031797
1743459031815
1743459031832
1743459031857
1743459031864
1743459031885
1743459031897
1743459031917
1743459031931
1743459031948
1743459031973
1743459031981
1743459032001
1743459032013
1743459032031
1743459032050
1743459032071
1743459032080
1743459032097
1743459032115
1743459032132
1743459032153
1743459032164
1743459032181
1743459032219
1743459032253
1743459032269
1743459032281
1743459032324
1743459032325
1743459032338
1743459032348
1743459032370
1743459032383
1743459032398
1743459032418
1743459032435
1743459032448
1743459032471
1743459032485
1743459032497
1743459032514
1743459032532
1743459032547
1743459032563
1743459032581
1743459032601
1743459032615
1743459032633
1743459032648
1743459032664
1743459032694
1743459032700
1743459032717
1743459032740
1743459032747
1743459032765
1743459032782
1743459032798
1743459032815
1743459032831
1743459032869
1743459032869
1743459032881
1743459032900
1743459032914
1743459032931
1743459032952
1743459032965
1743459032982
1743459032998
1743459033015
1743459033033
1743459033047
1743459033065
1743459033084
1743459033100
1743459033124
1743459033132
1743459033148
1743459033165
1743459033189
1743459033210
1743459033214
1743459033230
1743459033253
1743459033263
1743459033280
1743459033297
1743459033316
1743459033333
1743459033351
1743459033366
1743459033406
1743459033406
1743459033444
1743459033485
1743459033485
1743459033485
1743459033501
1743459033501
1743459033515
1743459033531
1743459033548
1743459033565
1743459033581
1743459033598
1743459033618
1743459033630
1743459033648
1743459033664
1743459033680
1743459033699
1743459033714
1743459033731
1743459033749
1743459033770
1743459033788
1743459033812
1743459033814
1743459033830
1743459033851
1743459033868
1743459033883
1743459033897
1743459033922
1743459033934
1743459033971
1743459033989
1743459034014
1743459034025
1743459034037
1743459034049
1743459034064
1743459034082
1743459034097
1743459034116
1743459034131
1743459034147
1743459034163
1743459034180
1743459034198
1743459034223
1743459034243
1743459034246
1743459034265
1743459034283
1743459034297
1743459034316
1743459034333
1743459034348
1743459034367
1743459034382
1743459034398
1743459034416
1743459034432
1743459034451
1743459034464
1743459034483
1743459034499
1743459034528
1743459034530
1743459034553
1743459034567
1743459034583
1743459034598
1743459034615
1743459034635
1743459034649
1743459034665
1743459034685
1743459034696
1743459034714
1743459034732
1743459034752
1743459034765
1743459034787
1743459034798
1743459034816
1743459034833
1743459034859
1743459034863
1743459034886
1743459034898
1743459034918
1743459034935
1743459034948
1743459034967
1743459034981
1743459035001
1743459035014
1743459035030
1743459035049
1743459035064
1743459035086
1743459035097
1743459035124
1743459035132
1743459035147
1743459035168
1743459035186
1743459035201
1743459035218
1743459035234
1743459035250
1743459035266
1743459035288
1743459035299
1743459035314
1743459035337
1743459035354
1743459035364
1743459035381
1743459035401
1743459035417
1743459035438
1743459035448
1743459035467
1743459035482
1743459035498
1743459035514
1743459035529
1743459035559
1743459035569
1743459035584
1743459035601
1743459035617
1743459035632
1743459035647
1743459035689
1743459035690
1743459035698
1743459035717
1743459035750
1743459035762
1743459035772
1743459035832
1743459035832
1743459035833
1743459035839
1743459035863
1743459035869
1743459035888
1743459035901
1743459035919
1743459035935
1743459035952
1743459035970
1743459035985
1743459036002
1743459036038
1743459036038
1743459036059
1743459036089
1743459036106
1743459036124
1743459036164
1743459036188
1743459036206
1743459036221
1743459036260
1743459036293
1743459036322
1743459036360
1743459036388
1743459036428
1743459036454
1743459036485
1743459036509
1743459036560
1743459036569
1743459036584
1743459036600
1743459036621
1743459036637
1743459036654
1743459036668
1743459036703
1743459036719
1743459036734
1743459036774
1743459036775
1743459036784
1743459036801
1743459036818
1743459036836
1743459036853
1743459036874
1743459036888
1743459036904
1743459036923
1743459036944
1743459036994
1743459036994
1743459036994
1743459037005
1743459037020
1743459037042
1743459037055
1743459037069
1743459037087
1743459037124
1743459037124
1743459037143
1743459037153
1743459037170
1743459037187
1743459037211
1743459037223
1743459037235
1743459037253
1743459037271
1743459037290
1743459037301
1743459037337
1743459037354
1743459037369
1743459037386
1743459037403
1743459037424
1743459037436
1743459037457
1743459037487
1743459037504
1743459037520
1743459037538
1743459037553
1743459037570
1743459037589
1743459037603
1743459037620
1743459037641
1743459037655
1743459037671
1743459037692
1743459037708
1743459037720
1743459037736
1743459037756
1743459037772
1743459037795
1743459037836
1743459037836
1743459037836
1743459037856
1743459037870
1743459037900
1743459037915
1743459037962
1743459037970
1743459037970
1743459037971
1743459037986
1743459038007
1743459038020
1743459038036
1743459038054
1743459038071
1743459038087
1743459038104
1743459038120
1743459038135
1743459038153
1743459038174
1743459038187
1743459038204
1743459038220
1743459038236
1743459038253
1743459038270
1743459038290
1743459038306
1743459038322
1743459038338
1743459038358
1743459038372
1743459038386
1743459038410
1743459038424
1743459038436
1743459038451
1743459038473
1743459038490
1743459038521
1743459038521
1743459038538
1743459038553
1743459038572
1743459038587
1743459038604
1743459038623
1743459038635
1743459038653
1743459038675
1743459038685
1743459038704
1743459038718
1743459038737
1743459038752
1743459038774
1743459038786
1743459038804
1743459038820
1743459038837
1743459038872
1743459038905
1743459038925
1743459038953
1743459038988
1743459039089
1743459039089
1743459039091
