1743458256917
1743458256917
1743458256917
1743458256917
1743458256917
1743458256917
1743458256917
1743458256917
1743458256917
1743458256919
1743458256935
1743458256956
1743458256970
1743458256987
1743458257004
1743458257021
1743458257035
1743458257053
1743458257070
1743458257085
1743458257105
1743458257121
1743458257135
1743458257152
1743458257168
1743458257185
1743458257202
1743458257220
1743458257237
1743458257253
1743458257270
1743458257291
1743458257303
1743458257321
1743458257335
1743458257355
1743458257371
1743458257386
1743458257402
1743458257419
1743458257440
1743458257458
1743458257472
1743458257490
1743458257505
1743458257525
1743458257537
1743458257553
1743458257572
1743458257588
1743458257605
1743458257620
1743458257635
1743458257653
1743458257669
1743458257687
1743458257701
1743458257724
1743458257740
1743458257757
1743458257770
1743458257789
1743458257802
1743458257819
1743458257836
1743458257852
1743458257872
1743458257891
1743458257903
1743458257922
1743458257940
1743458257968
1743458257972
1743458257989
1743458258005
1743458258020
1743458258037
1743458258052
1743458258068
1743458258087
1743458258102
1743458258123
1743458258145
1743458258156
1743458258174
1743458258190
1743458258204
1743458258223
1743458258237
1743458258251
1743458258269
1743458258285
1743458258303
1743458258319
1743458258336
1743458258356
1743458258371
1743458258387
1743458258403
1743458258421
1743458258436
1743458258453
1743458258470
1743458258486
1743458258508
1743458258520
1743458258537
1743458258551
1743458258568
1743458258587
1743458258606
1743458258622
1743458258637
1743458258655
1743458258674
1743458258688
1743458258702
1743458258719
1743458258736
1743458258752
1743458258769
1743458258789
1743458258805
1743458258825
1743458258839
1743458258855
1743458258872
1743458258887
1743458258903
1743458258922
1743458258938
1743458258954
1743458258971
1743458258991
1743458259006
1743458259022
1743458259036
1743458259053
1743458259071
1743458259088
1743458259102
1743458259120
1743458259137
1743458259160
1743458259170
1743458259190
1743458259207
1743458259222
1743458259237
1743458259253
1743458259270
1743458259287
1743458259303
1743458259323
1743458259338
1743458259355
1743458259371
1743458259387
1743458259410
1743458259419
1743458259437
1743458259453
1743458259473
1743458259489
1743458259508
1743458259521
1743458259537
1743458259552
1743458259570
1743458259587
1743458259603
1743458259621
1743458259636
1743458259656
1743458259675
1743458259690
1743458259706
1743458259719
1743458259738
1743458259753
1743458259769
1743458259786
1743458259803
1743458259820
1743458259839
1743458259855
1743458259872
1743458259894
1743458259904
1743458259921
1743458259938
1743458259956
1743458259970
1743458259987
1743458260007
1743458260023
1743458260040
1743458260056
1743458260072
1743458260088
1743458260106
1743458260121
1743458260143
1743458260154
1743458260171
1743458260707
1743458260707
1743458260707
1743458260707
1743458260707
1743458260707
1743458260707
1743458260707
1743458260707
1743458260707
1743458260707
1743458260707
1743458260707
1743458260707
1743458260707
1743458260707
1743458260707
1743458260707
1743458260707
1743458260707
1743458260707
1743458260707
1743458260707
1743458260708
1743458260720
1743458260722
1743458260722
1743458260722
1743458260722
1743458260724
1743458260724
1743458260724
1743458260724
1743458260746
1743458260757
1743458260771
1743458260786
1743458260805
1743458260823
1743458260840
1743458260858
1743458260872
1743458260889
1743458260910
1743458260920
1743458260942
1743458260955
1743458260970
1743458260987
1743458261003
1743458261024
1743458261038
1743458261054
1743458261075
1743458261088
1743458261107
1743458261123
1743458261137
1743458261153
1743458261170
1743458261187
1743458261207
1743458261221
1743458261238
1743458261256
1743458261272
1743458261290
1743458261305
1743458261322
1743458261339
1743458261355
1743458261372
1743458261387
1743458261408
1743458261424
1743458261439
1743458261458
1743458261473
1743458261489
1743458261503
1743458261521
1743458261538
1743458261558
1743458261570
1743458261586
1743458261605
1743458261638
1743458261640
1743458261663
1743458261674
1743458261690
1743458261705
1743458261724
1743458261741
1743458261756
1743458261773
1743458261791
1743458261807
1743458261821
1743458261841
1743458261854
1743458261871
1743458261888
1743458261905
1743458261925
1743458261942
1743458261955
1743458261971
1743458261987
1743458262005
1743458262021
1743458262039
1743458262055
1743458262072
1743458262087
1743458262108
1743458262124
1743458262140
1743458262157
1743458262174
1743458262193
1743458262207
1743458262221
1743458262241
1743458262255
1743458262285
1743458262294
1743458262305
1743458262323
1743458262340
1743458262366
1743458262382
1743458262389
1743458262405
1743458262421
1743458262440
1743458262456
1743458262495
1743458262495
1743458262505
1743458262521
1743458262541
1743458262557
1743458262571
1743458262590
1743458262605
1743458262623
1743458262642
1743458262658
1743458262673
1743458262688
1743458262707
1743458262722
1743458262737
1743458262755
1743458262806
1743458262824
1743458262838
1743458262844
1743458262844
1743458262857
1743458262908
1743458262922
1743458262938
1743458262948
1743458262948
1743458262963
1743458262982
1743458262991
1743458263008
1743458263024
1743458263041
1743458263058
1743458263071
1743458263098
1743458263106
1743458263122
1743458263139
1743458263155
1743458263171
1743458263188
1743458263205
1743458263220
1743458263239
1743458263255
1743458263274
1743458263292
1743458263305
1743458263323
1743458263338
1743458263356
1743458263371
1743458263388
1743458263406
1743458263421
1743458263439
1743458263459
1743458263474
1743458263492
1743458263513
1743458263536
1743458263542
1743458263554
1743458263575
1743458263587
1743458263608
1743458263622
1743458263641
1743458263658
1743458263673
1743458263690
1743458263707
1743458263724
1743458263739
1743458263756
1743458263772
1743458263790
1743458263811
1743458263822
1743458263838
1743458263857
1743458263872
1743458263888
1743458263903
1743458263924
1743458263941
1743458263957
1743458263975
1743458263991
1743458264005
1743458264021
1743458264039
1743458264055
1743458264075
1743458264088
1743458264105
1743458264122
1743458264142
1743458264156
1743458264175
1743458264200
1743458264491
1743458264695
1743458264697
1743458264699
1743458264702
1743458264705
1743458264707
1743458264710
1743458264713
1743458264714
1743458264717
1743458264718
1743458264719
1743458264721
1743458264723
1743458264725
1743458264726
1743458264741
1743458264742
1743458264744
1743458264745
1743458264751
1743458264756
1743458264756
1743458264760
1743458264760
1743458264760
1743458264760
1743458264760
1743458264760
1743458264760
1743458264760
1743458264761
1743458264761
1743458264772
1743458264790
1743458264807
1743458264824
1743458264841
1743458264857
1743458264875
1743458264892
1743458264907
1743458264924
1743458264938
1743458264955
1743458264972
1743458264989
1743458265005
1743458265024
1743458265045
1743458265058
1743458265075
1743458265093
1743458265108
1743458265123
1743458265144
1743458265158
1743458265172
1743458265189
1743458265206
1743458265223
1743458265243
1743458265260
1743458265274
1743458265292
1743458265308
1743458265325
1743458265340
1743458265357
1743458265384
1743458265389
1743458265408
1743458265425
1743458265440
1743458265458
1743458265474
1743458265490
1743458265506
1743458265521
1743458265539
1743458265557
1743458265574
1743458265590
1743458265609
1743458265624
1743458265641
1743458265656
1743458265675
1743458265690
1743458265705
1743458265722
1743458265740
1743458265762
1743458265772
1743458265789
1743458265807
1743458265825
1743458265839
1743458265857
1743458265874
1743458265889
1743458265907
1743458265923
1743458265944
1743458265955
1743458265977
1743458265990
1743458266009
1743458266023
1743458266039
1743458266056
1743458266073
1743458266088
1743458266106
1743458266125
1743458266141
1743458266168
1743458266173
1743458266190
1743458266206
1743458266231
1743458266241
1743458266279
1743458266280
1743458266292
1743458266308
1743458266326
1743458266340
1743458266356
1743458266388
1743458266389
1743458266411
1743458266423
1743458266443
1743458266472
1743458266475
1743458266500
1743458266517
1743458266523
1743458266543
1743458266557
1743458266598
1743458266598
1743458266607
1743458266625
1743458266658
1743458266658
1743458266697
1743458266697
1743458266707
1743458266724
1743458266741
1743458266759
1743458266773
1743458266792
1743458266808
1743458266826
1743458266842
1743458266860
1743458266876
1743458266895
1743458266906
1743458266926
1743458266940
1743458266958
1743458266973
1743458266993
1743458267030
1743458267034
