1743692078758
1743692078758
1743692078758
1743692078758
1743692078758
1743692078759
1743692078759
1743692078759
1743692078759
1743692078759
1743692078776
1743692078776
1743692078776
1743692078776
1743692078777
1743692078777
1743692078785
1743692078802
1743692078818
1743692078834
1743692078852
1743692078868
1743692078890
1743692078904
1743692078919
1743692078933
1743692078952
1743692078969
1743692078987
1743692079001
1743692079017
1743692079035
1743692079051
1743692079072
1743692079084
1743692079101
1743692079117
1743692079141
1743692079151
1743692079168
1743692079185
1743692079201
1743692079221
1743692079234
1743692079250
1743692079274
1743692079285
1743692079302
1743692079325
1743692079336
1743692079351
1743692079367
1743692079374
1743692083359
1743692083359
1743692083359
1743692083359
1743692083360
1743692083360
1743692083371
1743692083371
1743692083386
1743692083386
1743692083403
1743692083404
1743692083419
1743692083419
1743692083435
1743692083435
1743692083452
1743692083453
1743692083470
1743692083470
1743692083485
1743692083485
1743692083502
1743692083502
1743692083518
1743692083518
1743692083535
1743692083535
1743692083552
1743692083552
1743692083570
1743692083570
1743692083585
1743692083587
1743692083604
1743692083604
1743692083634
1743692083634
1743692083640
1743692083640
1743692083653
1743692083653
1743692083668
1743692083668
1743692083685
1743692083686
1743692083703
1743692083704
1743692083720
1743692083720
1743692083735
1743692083736
1743692083752
1743692083752
1743692083768
1743692083769
1743692083785
1743692083785
1743692083789
1743692083790
1743692086032
1743692086032
1743692086032
1743692086032
1743692086032
1743692086032
1743692086032
1743692086032
1743692086032
1743692086032
1743692086033
1743692086033
1743692086033
1743692086033
1743692086036
1743692086036
1743692086036
1743692086036
1743692086036
1743692086036
1743692086036
1743692086036
1743692086036
1743692086036
1743692086036
1743692086036
1743692086036
1743692086036
1743692086036
1743692086036
1743692086039
1743692086039
1743692086039
1743692086037
1743692086037
1743692086037
1743692086037
1743692086037
1743692086037
1743692086055
1743692086055
1743692086055
1743692086070
1743692086071
1743692086071
1743692086090
1743692086090
1743692086090
1743692086107
1743692086107
1743692086107
1743692086120
1743692086120
1743692086121
1743692086141
1743692086141
1743692086141
1743692086156
1743692086157
1743692086157
1743692086173
1743692086173
1743692086173
1743692086189
1743692086189
1743692086189
1743692086205
1743692086206
1743692086206
1743692086221
1743692086222
1743692086222
1743692086238
1743692086238
1743692086239
1743692086255
1743692086255
1743692086256
1743692086272
1743692086272
1743692086272
1743692086289
1743692086291
1743692086291
1743692086306
1743692086306
1743692086306
1743692086321
1743692086323
1743692086323
1743692086340
1743692086341
1743692086341
1743692086356
1743692086356
1743692086356
1743692086373
1743692086373
1743692086373
1743692086388
1743692086389
1743692086389
1743692086406
1743692086406
1743692086406
1743692086439
1743692086439
1743692086439
1743692086456
1743692086457
1743692086457
1743692086489
1743692086489
1743692086489
1743692086525
1743692086525
1743692086525
1743692086575
1743692086575
1743692086575
1743692086590
1743692086590
1743692086590
1743692086624
1743692086625
1743692086625
1743692086839
1743692086840
1743692086840
1743692086840
1743692086840
1743692086840
1743692088376
1743692088376
1743692088376
1743692088376
1743692088376
1743692088376
1743692088376
1743692088376
1743692088376
1743692088376
1743692088381
1743692088381
1743692088381
1743692088381
1743692088381
1743692088381
1743692088389
1743692088389
1743692088389
1743692088393
1743692088405
1743692088406
1743692088406
1743692088406
1743692088428
1743692088429
1743692088429
1743692088429
1743692088439
1743692088439
1743692088439
1743692088439
1743692088456
1743692088456
1743692088456
1743692088457
1743692088473
1743692088473
1743692088474
1743692088474
1743692088487
1743692088489
1743692088490
1743692088490
1743692088505
1743692088507
1743692088507
1743692088507
1743692088524
1743692088524
1743692088524
1743692088526
1743692088538
1743692088538
1743692088539
1743692088539
1743692088555
1743692088555
1743692088556
1743692088556
1743692088572
1743692088572
1743692088572
1743692088572
1743692088588
1743692088590
1743692088590
1743692088590
1743692088606
1743692088607
1743692088608
1743692088608
1743692088623
1743692088624
1743692088627
1743692088627
1743692088639
1743692088641
1743692088641
1743692088642
1743692088655
1743692088655
1743692088655
1743692088655
1743692088682
1743692088682
1743692088682
1743692088682
1743692088688
1743692088689
1743692088689
1743692088691
1743692088705
1743692088705
1743692088705
1743692088705
1743692088723
1743692088723
1743692088723
1743692088723
1743692088739
1743692088739
1743692088741
1743692088742
1743692088757
1743692088758
1743692088758
1743692088760
1743692088773
1743692088774
1743692088774
1743692088774
1743692088789
1743692088789
1743692088790
1743692088790
1743692088806
1743692088806
1743692088807
1743692088807
1743692088822
1743692088822
1743692088823
1743692088823
1743692088839
1743692088839
1743692088840
1743692088840
1743692088855
1743692088859
1743692088860
1743692088861
1743692088871
1743692088872
1743692088872
1743692088875
1743692088889
1743692088889
1743692088889
1743692088890
1743692088905
1743692088906
1743692088907
1743692088907
1743692088920
1743692088921
1743692088921
1743692088921
1743692088939
1743692088939
1743692088939
1743692088939
1743692088954
1743692088956
1743692088956
1743692088956
1743692088972
1743692088973
1743692088973
1743692088973
1743692088991
1743692088991
1743692088991
1743692088991
1743692089005
1743692089006
1743692089006
1743692089006
1743692089021
1743692089023
1743692089025
1743692089025
1743692089041
1743692089041
1743692089041
1743692089042
1743692089057
1743692089057
1743692089057
1743692089057
1743692089072
1743692089073
1743692089073
1743692089073
1743692089089
1743692089089
1743692089089
1743692089089
1743692089108
1743692089108
1743692089108
1743692089109
1743692089123
1743692089123
1743692089123
1743692089123
1743692089138
1743692089139
1743692089139
1743692089139
1743692089157
1743692089157
1743692089157
1743692089158
1743692089172
1743692089180
1743692089180
1743692089180
1743692089190
1743692089191
1743692089191
1743692089191
1743692089207
1743692089207
1743692089207
1743692089207
1743692089223
1743692089223
1743692089223
1743692089224
1743692089240
1743692089240
1743692089240
1743692089240
1743692089259
1743692089259
1743692089259
1743692089259
1743692089272
1743692089273
1743692089273
1743692089273
1743692089291
1743692089291
1743692089291
1743692089291
1743692089306
1743692089307
1743692089307
1743692089307
1743692089324
1743692089325
1743692089325
1743692089325
1743692089339
1743692089339
1743692089339
1743692089339
1743692089357
1743692089358
1743692089358
1743692089359
1743692089372
1743692089373
1743692089373
1743692089373
1743692089390
1743692089390
1743692089390
1743692089391
1743692089406
1743692089407
1743692089407
1743692089407
1743692089423
1743692089424
1743692089424
1743692089424
1743692089425
1743692089427
1743692089427
1743692089427
1743692091040
1743692091040
1743692091040
1743692091040
1743692091040
1743692091040
1743692091040
1743692091040
1743692091041
1743692091041
1743692091044
1743692091044
1743692091045
1743692091045
1743692091045
1743692091045
1743692091045
1743692091045
1743692091045
1743692091045
1743692091045
1743692091045
1743692091045
1743692091046
1743692091046
1743692091046
1743692091046
1743692091046
1743692091046
1743692091046
1743692091050
1743692091051
1743692091052
1743692091052
1743692091052
1743692091066
1743692091067
1743692091067
1743692091067
1743692091067
1743692091084
1743692091084
1743692091084
1743692091085
1743692091085
1743692091100
1743692091101
1743692091101
1743692091101
1743692091101
1743692091118
1743692091119
1743692091119
1743692091119
1743692091119
1743692091133
1743692091135
1743692091135
1743692091139
1743692091139
1743692091154
1743692091154
1743692091154
1743692091155
1743692091155
1743692091167
1743692091168
1743692091168
1743692091168
1743692091168
1743692091185
1743692091188
1743692091189
1743692091189
1743692091189
1743692091201
1743692091201
1743692091202
1743692091202
1743692091202
1743692091218
1743692091218
1743692091218
1743692091218
1743692091218
1743692091233
1743692091236
1743692091236
1743692091236
1743692091239
1743692091251
1743692091254
1743692091254
1743692091254
1743692091254
1743692091268
1743692091268
1743692091273
1743692091273
1743692091273
1743692091284
1743692091284
1743692091284
1743692091285
1743692091285
1743692091302
1743692091304
1743692091304
1743692091304
1743692091304
1743692091317
1743692091317
1743692091317
1743692091317
1743692091317
1743692091334
1743692091334
1743692091334
1743692091334
1743692091334
1743692091350
1743692091350
1743692091351
1743692091351
1743692091351
1743692091367
1743692091367
1743692091368
1743692091368
1743692091368
1743692091384
1743692091384
1743692091386
1743692091386
1743692091386
1743692091400
1743692091401
1743692091401
1743692091401
1743692091403
1743692091416
1743692091417
1743692091417
1743692091417
1743692091417
1743692091434
1743692091434
1743692091434
1743692091434
1743692091434
1743692091451
1743692091451
1743692091452
1743692091452
1743692091452
1743692091468
1743692091468
1743692091468
1743692091468
1743692091468
1743692091485
1743692091485
1743692091488
1743692091488
1743692091488
1743692091501
1743692091501
1743692091501
1743692091501
1743692091501
1743692091517
1743692091519
1743692091519
1743692091519
1743692091519
1743692091534
1743692091534
1743692091535
1743692091535
1743692091536
1743692091549
1743692091550
1743692091551
1743692091551
1743692091551
1743692091572
1743692091572
1743692091572
1743692091572
1743692091572
1743692091584
1743692091584
1743692091585
1743692091585
1743692091587
1743692091603
1743692091603
1743692091603
1743692091603
1743692091603
1743692091620
1743692091621
1743692091621
1743692091621
1743692091621
1743692091635
1743692091637
1743692091643
1743692091643
1743692091643
1743692091654
1743692091654
1743692091654
1743692091654
1743692091654
1743692091669
1743692091670
1743692091670
1743692091671
1743692091671
1743692091685
1743692091687
1743692091687
1743692091688
1743692091688
1743692091702
1743692091702
1743692091702
1743692091702
1743692091702
1743692091717
1743692091717
1743692091718
1743692091718
1743692091718
1743692091733
1743692091735
1743692091735
1743692091735
1743692091735
1743692091752
1743692091752
1743692091752
1743692091752
1743692091752
1743692091767
1743692091767
1743692091767
1743692091767
1743692091767
1743692091784
1743692091784
1743692091784
1743692091784
1743692091786
1743692091801
1743692091801
1743692091802
1743692091802
1743692091802
1743692091817
1743692091818
1743692091820
1743692091820
1743692091820
1743692091834
1743692091834
1743692091837
1743692091838
1743692091839
1743692091853
1743692091854
1743692091856
1743692091856
1743692091858
1743692091872
1743692091872
1743692091872
1743692091872
1743692091872
1743692091884
1743692091886
1743692091890
1743692091890
1743692091890
1743692091900
1743692091901
1743692091901
1743692091901
1743692091901
1743692091917
1743692091918
1743692091919
1743692091919
1743692091919
1743692091934
1743692091934
1743692091935
1743692091936
1743692091936
1743692091951
1743692091951
1743692091951
1743692091951
1743692091951
1743692091967
1743692091968
1743692091968
1743692091968
1743692091968
1743692091984
1743692091984
1743692091985
1743692091985
1743692091985
1743692092001
1743692092002
1743692092002
1743692092002
1743692092002
1743692092018
1743692092021
1743692092021
1743692092021
1743692092023
1743692092035
1743692092038
1743692092038
1743692092038
1743692092040
1743692092051
1743692092058
1743692092060
1743692092060
1743692092060
1743692092067
1743692092071
1743692092071
1743692092071
1743692092071
1743692092083
1743692092083
1743692092084
1743692092084
1743692092084
1743692092101
1743692092103
1743692092103
1743692092103
1743692092105
1743692092117
1743692092119
1743692092119
1743692092120
1743692092120
1743692092135
1743692092135
1743692092136
1743692092136
1743692092136
1743692092150
1743692092151
1743692092151
1743692092151
1743692092151
1743692092167
1743692092168
1743692092168
1743692092168
1743692092168
1743692092184
1743692092184
1743692092187
1743692092187
1743692092187
1743692092204
1743692092204
1743692092205
1743692092205
1743692092205
1743692092220
1743692092223
1743692092223
1743692092223
1743692092223
1743692092235
1743692092238
1743692092239
1743692092239
1743692092239
1743692092254
1743692092254
1743692092254
1743692092254
1743692092255
1743692092270
1743692092270
1743692092270
1743692092270
1743692092270
1743692092283
1743692092284
1743692092285
1743692092287
1743692092287
1743692092300
1743692092300
1743692092301
1743692092301
1743692092301
1743692092318
1743692092319
1743692092319
1743692092319
1743692092319
1743692092334
1743692092334
1743692092334
1743692092334
1743692092336
1743692092351
1743692092351
1743692092351
1743692092351
1743692092351
1743692092368
1743692092368
1743692092368
1743692092369
1743692092369
1743692092385
1743692092385
1743692092385
1743692092387
1743692092387
1743692092401
1743692092404
1743692092404
1743692092405
1743692092405
1743692092421
1743692092421
1743692092421
1743692092421
1743692092422
1743692092436
1743692092436
1743692092438
1743692092438
1743692092438
1743692092451
1743692092451
1743692092454
1743692092454
1743692092454
1743692092468
1743692092468
1743692092468
1743692092468
1743692092468
1743692092484
1743692092484
1743692092484
1743692092484
1743692092485
1743692092500
1743692092500
1743692092501
1743692092501
1743692092501
1743692092855
1743692092855
1743692092856
1743692092856
1743692092856
1743692092856
1743692092856
1743692092856
1743692092856
1743692092857
1743692092857
1743692092857
1743692092857
1743692092857
1743692092857
1743692092857
1743692092857
1743692092857
1743692092858
1743692092858
1743692092858
1743692092863
1743692092863
1743692092864
1743692092864
1743692092864
1743692092864
1743692092864
1743692092864
1743692092864
1743692092864
1743692092864
1743692092864
1743692092864
1743692092864
1743692092865
1743692092865
1743692092865
1743692092865
1743692092865
1743692092865
1743692092865
1743692092865
1743692092865
1743692092865
1743692092865
1743692092866
1743692092866
1743692092866
1743692092866
1743692092866
1743692092866
1743692092866
1743692092866
1743692092866
1743692092866
1743692092867
1743692092867
1743692092867
1743692092867
1743692092867
1743692092867
1743692092867
1743692092867
1743692092867
1743692092867
1743692092868
1743692092868
1743692092868
1743692092870
1743692092870
1743692092870
1743692092870
1743692092870
1743692092870
1743692092870
1743692092870
1743692092870
1743692092870
1743692092870
1743692092870
1743692092871
1743692092871
1743692092871
1743692092871
1743692092871
1743692092871
1743692092871
1743692092871
1743692092871
1743692092872
1743692092868
1743692092868
1743692092868
1743692092870
1743692092870
1743692092869
1743692092869
1743692092869
1743692092869
1743692092869
1743692092869
1743692092869
1743692092869
1743692092869
1743692092869
1743692092868
1743692092868
1743692092869
1743692092868
1743692092886
1743692092888
1743692092888
1743692092888
1743692092888
1743692092906
1743692092906
1743692092906
1743692092906
1743692092907
1743692092916
1743692092917
1743692092917
1743692092918
1743692092918
1743692092935
1743692092935
1743692092935
1743692092935
1743692092936
1743692092951
1743692092951
1743692092952
1743692092952
1743692092952
1743692092967
1743692092968
1743692092968
1743692092968
1743692092972
1743692092985
1743692092985
1743692092985
1743692092985
1743692092986
1743692093002
1743692093002
1743692093002
1743692093002
1743692093002
1743692093016
1743692093019
1743692093020
1743692093021
1743692093021
1743692093034
1743692093035
1743692093037
1743692093037
1743692093037
1743692093053
1743692093054
1743692093059
1743692093059
1743692093059
1743692093069
1743692093069
1743692093069
1743692093069
1743692093069
1743692093083
1743692093085
1743692093087
1743692093087
1743692093087
1743692093101
1743692093101
1743692093101
1743692093102
1743692093102
1743692093116
1743692093117
1743692093117
1743692093117
1743692093117
1743692093133
1743692093134
1743692093136
1743692093136
1743692093136
1743692093154
1743692093154
1743692093157
1743692093158
1743692093158
1743692093171
1743692093173
1743692093173
1743692093173
1743692093173
1743692093185
1743692093185
1743692093185
1743692093186
1743692093186
1743692093201
1743692093203
1743692093203
1743692093206
1743692093206
1743692093221
1743692093222
1743692093222
1743692093223
1743692093223
1743692093236
1743692093236
1743692093236
1743692093236
1743692093237
1743692093250
1743692093250
1743692093252
1743692093252
1743692093252
1743692093268
1743692093269
1743692093272
1743692093272
1743692093272
1743692093283
1743692093284
1743692093284
1743692093284
1743692093284
1743692093300
1743692093303
1743692093303
1743692093304
1743692093304
1743692093317
1743692093317
1743692093318
1743692093318
1743692093318
1743692093334
1743692093334
1743692093334
1743692093335
1743692093335
1743692093351
1743692093351
1743692093351
1743692093351
1743692093351
1743692093372
1743692093373
1743692093373
1743692093374
1743692093374
1743692093386
1743692093386
1743692093386
1743692093386
1743692093386
1743692093401
1743692093404
1743692093404
1743692093404
1743692093405
1743692093422
1743692093422
1743692093422
1743692093422
1743692093422
1743692093434
1743692093434
1743692093434
1743692093435
1743692093435
1743692093451
1743692093451
1743692093452
1743692093452
1743692093452
1743692093468
1743692093471
1743692093471
1743692093472
1743692093472
1743692093483
1743692093484
1743692093486
1743692093486
1743692093486
1743692093501
1743692093501
1743692093501
1743692093501
1743692093501
1743692093518
1743692093519
1743692093520
1743692093521
1743692093521
1743692093534
1743692093539
1743692093539
1743692093539
1743692093539
1743692093550
1743692093551
1743692093551
1743692093551
1743692093552
1743692093567
1743692093567
1743692093568
1743692093568
1743692093568
1743692093583
1743692093584
1743692093585
1743692093585
1743692093585
1743692093600
1743692093600
1743692093601
1743692093601
1743692093601
1743692093617
1743692093617
1743692093618
1743692093618
1743692093618
1743692093639
1743692093639
1743692093639
1743692093639
1743692093639
1743692093651
1743692093651
1743692093651
1743692093651
1743692093651
1743692093668
1743692093668
1743692093671
1743692093671
1743692093671
1743692093684
1743692093684
1743692093684
1743692093684
1743692093684
1743692093706
1743692093706
1743692093706
1743692093706
1743692093706
1743692093719
1743692093719
1743692093720
1743692093720
1743692093723
1743692093740
1743692093740
1743692093740
1743692093740
1743692093740
1743692093751
1743692093751
1743692093751
1743692093751
1743692093751
1743692093767
1743692093768
1743692093769
1743692093769
1743692093769
1743692093793
1743692093794
1743692093794
1743692093794
1743692093794
1743692093804
1743692093804
1743692093804
1743692093804
1743692093804
1743692093817
1743692093819
1743692093819
1743692093819
1743692093820
1743692093834
1743692093835
1743692093835
1743692093835
1743692093835
1743692093853
1743692093853
1743692093856
1743692093856
1743692093857
1743692093870
1743692093871
1743692093872
1743692093872
1743692093873
1743692093884
1743692093884
1743692093884
1743692093884
1743692093885
1743692093901
1743692093904
1743692093905
1743692093906
1743692093906
1743692093918
1743692093919
1743692093919
1743692093919
1743692093919
1743692093934
1743692093935
1743692093936
1743692093936
1743692093936
1743692093951
1743692093953
1743692093953
1743692093953
1743692093953
1743692093968
1743692093968
1743692093968
1743692093971
1743692093971
1743692093982
1743692093983
1743692093983
1743692093983
1743692093983
1743692094000
1743692094001
1743692094001
1743692094001
1743692094001
1743692094017
1743692094017
1743692094017
1743692094019
1743692094019
1743692094038
1743692094039
1743692094039
1743692094039
1743692094039
1743692094055
1743692094057
1743692094057
1743692094057
1743692094057
1743692094069
1743692094070
1743692094070
1743692094070
1743692094070
1743692094084
1743692094085
1743692094085
1743692094085
1743692094087
1743692094103
1743692094104
1743692094107
1743692094107
1743692094107
1743692094120
1743692094121
1743692094121
1743692094121
1743692094121
1743692094135
1743692094136
1743692094136
1743692094136
1743692094136
1743692094152
1743692094153
1743692094155
1743692094155
1743692094155
1743692094168
1743692094171
1743692094171
1743692094172
1743692094172
1743692094189
1743692094189
1743692094189
1743692094189
1743692094189
1743692094201
1743692094202
1743692094203
1743692094204
1743692094204
1743692094228
1743692094228
1743692094228
1743692094228
1743692094229
1743692094235
1743692094237
1743692094238
1743692094240
1743692094240
1743692094252
1743692094254
1743692094254
1743692094254
1743692094254
1743692094268
1743692094270
1743692094270
1743692094270
1743692094270
1743692094288
1743692094288
1743692094290
1743692094290
1743692094290
1743692094302
1743692094302
1743692094302
1743692094303
1743692094303
1743692094316
1743692094319
1743692094319
1743692094319
1743692094319
1743692094333
1743692094334
1743692094335
1743692094335
1743692094335
1743692094351
1743692094354
1743692094354
1743692094355
1743692094355
1743692094367
1743692094367
1743692094368
1743692094368
1743692094368
1743692094384
1743692094384
1743692094388
1743692094388
1743692094388
1743692094401
1743692094401
1743692094401
1743692094401
1743692094401
1743692094417
1743692094418
1743692094418
1743692094418
1743692094418
1743692094439
1743692094440
1743692094440
1743692094440
1743692094440
1743692094452
1743692094452
1743692094452
1743692094452
1743692094452
1743692094467
1743692094467
1743692094467
1743692094470
1743692094470
1743692094484
1743692094487
1743692094487
1743692094487
1743692094488
1743692094502
1743692094502
1743692094502
1743692094502
1743692094504
1743692094517
1743692094517
1743692094519
1743692094519
1743692094519
1743692094534
1743692094534
1743692094534
1743692094535
1743692094535
1743692094552
1743692094552
1743692094552
1743692094554
1743692094558
1743692094568
1743692094571
1743692094571
1743692094571
1743692094571
1743692094587
1743692094588
1743692094589
1743692094589
1743692094589
1743692094600
1743692094602
1743692094603
1743692094603
1743692094603
1743692094617
1743692094618
1743692094621
1743692094621
1743692094621
1743692094634
1743692094634
1743692094634
1743692094634
1743692094634
1743692094651
1743692094651
1743692094651
1743692094651
1743692094651
1743692094667
1743692094668
1743692094668
1743692094670
1743692094670
1743692094684
1743692094684
1743692094684
1743692094684
1743692094684
1743692094701
1743692094701
1743692094701
1743692094701
1743692094702
1743692094721
1743692094726
1743692094726
1743692094726
1743692094726
1743692094736
1743692094739
1743692094739
1743692094739
1743692094739
1743692094751
1743692094752
1743692094752
1743692094752
1743692094753
1743692094767
1743692094767
1743692094768
1743692094769
1743692094769
1743692094784
1743692094785
1743692094787
1743692094788
1743692094789
1743692094800
1743692094804
1743692094804
1743692094804
1743692094804
1743692094817
1743692094818
1743692094819
1743692094819
1743692094819
1743692094833
1743692094835
1743692094836
1743692094836
1743692094836
1743692094851
1743692094855
1743692094856
1743692094856
1743692094856
1743692094868
1743692094868
1743692094868
1743692094868
1743692094868
1743692094884
1743692094884
1743692094885
1743692094885
1743692094885
1743692094901
1743692094902
1743692094902
1743692094902
1743692094905
1743692094918
1743692094919
1743692094919
1743692094919
1743692094919
1743692094933
1743692094934
1743692094934
1743692094934
1743692094934
1743692094951
1743692094951
1743692094952
1743692094952
1743692094952
1743692094967
1743692094972
1743692094972
1743692094972
1743692094972
1743692094984
1743692094984
1743692094985
1743692094985
1743692094985
1743692095000
1743692095002
1743692095002
1743692095002
1743692095002
1743692095017
1743692095017
1743692095020
1743692095020
1743692095020
1743692095034
1743692095034
1743692095034
1743692095035
1743692095035
1743692095051
1743692095051
1743692095051
1743692095051
1743692095051
1743692095071
1743692095072
1743692095072
1743692095072
1743692095072
1743692095082
1743692095085
1743692095085
1743692095085
1743692095085
1743692095100
1743692095102
1743692095102
1743692095102
1743692095104
1743692095118
1743692095120
1743692095121
1743692095121
1743692095121
1743692095134
1743692095135
1743692095135
1743692095135
1743692095135
1743692095183
1743692095183
1743692095183
1743692095183
1743692095183
1743692095184
1743692095184
1743692095184
1743692095184
1743692095184
1743692095186
1743692095186
1743692095187
1743692095187
1743692095187
1743692095201
1743692095203
1743692095206
1743692095206
1743692095206
1743692095219
1743692095219
1743692095219
1743692095221
1743692095222
1743692095273
1743692095273
1743692095273
1743692095273
1743692095273
1743692095273
1743692095273
1743692095273
1743692095273
1743692095273
1743692095274
1743692095274
1743692095274
1743692095274
1743692095274
1743692095286
1743692095287
1743692095289
1743692095289
1743692095289
1743692095302
1743692095304
1743692095304
1743692095304
1743692095304
1743692095319
1743692095321
1743692095321
1743692095321
1743692095321
1743692095334
1743692095338
1743692095338
1743692095339
1743692095339
1743692095351
1743692095352
1743692095352
1743692095352
1743692095352
1743692095369
1743692095369
1743692095369
1743692095369
1743692095369
1743692095384
1743692095387
1743692095387
1743692095387
1743692095387
1743692095401
1743692095402
1743692095402
1743692095402
1743692095402
1743692095419
1743692095419
1743692095419
1743692095419
1743692095421
1743692095435
1743692095435
1743692095436
1743692095436
1743692095436
1743692095451
1743692095452
1743692095452
1743692095452
1743692095453
1743692095468
1743692095472
1743692095473
1743692095473
1743692095474
1743692095486
1743692095486
1743692095486
1743692095486
1743692095486
1743692095502
1743692095505
1743692095505
1743692095505
1743692095505
1743692095518
1743692095522
1743692095522
1743692095522
1743692095522
1743692095539
1743692095539
1743692095539
1743692095539
1743692095539
1743692095551
1743692095551
1743692095551
1743692095551
1743692095551
1743692095567
1743692095568
1743692095568
1743692095568
1743692095568
1743692095622
1743692095623
1743692095625
1743692095625
1743692095625
1743692095635
1743692095638
1743692095638
1743692095639
1743692095639
1743692095650
1743692095651
1743692095651
1743692095652
1743692095652
1743692095668
1743692095670
1743692095670
1743692095670
1743692095670
1743692095695
1743692095695
1743692095695
1743692095695
1743692095695
1743692095703
1743692095703
1743692095703
1743692095703
1743692095704
1743692095717
1743692095720
1743692095720
1743692095720
1743692095720
1743692095737
1743692095737
1743692095737
1743692095737
1743692095737
1743692095753
1743692095753
1743692095753
1743692095757
1743692095757
1743692095767
1743692095767
1743692095767
1743692095770
1743692095771
1743692095785
1743692095785
1743692095786
1743692095786
1743692095787
1743692095803
1743692095804
1743692095806
1743692095807
1743692095807
1743692095825
1743692095825
1743692095825
1743692095826
1743692095826
1743692095842
1743692095842
1743692095842
1743692095843
1743692095843
1743692095868
1743692095868
1743692095868
1743692095868
1743692095868
1743692095881
1743692095881
1743692095881
1743692095881
1743692095881
1743692095903
1743692095904
1743692095904
1743692095906
1743692095906
1743692095918
1743692095919
1743692095920
1743692095920
1743692095920
1743692095937
1743692095937
1743692095937
1743692095937
1743692095937
1743692095953
1743692095955
1743692095955
1743692095955
1743692095956
1743692095972
1743692095972
1743692095974
1743692095974
1743692095975
1743692095986
1743692095987
1743692095987
1743692095987
1743692095989
1743692096000
1743692096004
1743692096004
1743692096004
1743692096005
1743692096016
1743692096018
1743692096019
1743692096019
1743692096020
1743692096036
1743692096037
1743692096037
1743692096037
1743692096037
1743692096050
1743692096051
1743692096051
1743692096051
1743692096051
1743692096068
1743692096068
1743692096068
1743692096071
1743692096071
1743692096084
1743692096084
1743692096085
1743692096085
1743692096085
1743692096101
1743692096101
1743692096104
1743692096104
1743692096104
1743692096119
1743692096119
1743692096120
1743692096120
1743692096120
1743692096135
1743692096135
1743692096135
1743692096135
1743692096135
1743692096152
1743692096153
1743692096153
1743692096153
1743692096153
1743692096168
1743692096168
1743692096168
1743692096169
1743692096169
1743692096186
1743692096186
1743692096186
1743692096186
1743692096187
1743692096201
1743692096201
1743692096201
1743692096202
1743692096202
1743692096218
1743692096219
1743692096220
1743692096221
1743692096221
1743692096235
1743692096235
1743692096235
1743692096235
1743692096235
1743692096252
1743692096252
1743692096253
1743692096253
1743692096253
1743692096266
1743692096267
1743692096268
1743692096268
1743692096268
1743692096286
1743692096287
1743692096288
1743692096289
1743692096289
1743692096300
1743692096300
1743692096301
1743692096301
1743692096303
1743692096317
1743692096320
1743692096320
1743692096321
1743692096321
1743692096334
1743692096336
1743692096337
1743692096337
1743692096337
1743692096351
1743692096351
1743692096352
1743692096353
1743692096353
1743692096370
1743692096370
1743692096370
1743692096371
1743692096371
1743692096384
1743692096384
1743692096384
1743692096384
1743692096386
1743692096403
1743692096404
1743692096404
1743692096404
1743692096404
1743692096418
1743692096421
1743692096421
1743692096421
1743692096421
1743692096474
1743692096474
1743692096475
1743692096477
1743692096478
1743692096487
1743692096487
1743692096487
1743692096489
1743692096489
1743692096502
1743692096502
1743692096502
1743692096502
1743692096503
1743692096519
1743692096520
1743692096520
1743692096520
1743692096520
1743692096538
1743692096538
1743692096538
1743692096538
1743692096538
1743692096552
1743692096552
1743692096552
1743692096552
1743692096553
1743692096567
1743692096568
1743692096568
1743692096568
1743692096568
1743692096585
1743692096587
1743692096588
1743692096588
1743692096588
1743692096601
1743692096602
1743692096602
1743692096605
1743692096605
1743692096616
1743692096618
1743692096619
1743692096620
1743692096620
1743692096635
1743692096635
1743692096636
1743692096636
1743692096636
1743692096677
1743692096677
1743692096677
1743692096677
1743692096677
1743692096677
1743692096677
1743692096677
1743692096677
1743692096677
1743692096684
1743692096684
1743692096684
1743692096684
1743692096684
1743692096700
1743692096702
1743692096703
1743692096703
1743692096703
1743692096720
1743692096720
1743692096720
1743692096720
1743692096720
1743692096736
1743692096737
1743692096737
1743692096737
1743692096737
1743692096750
1743692096752
1743692096752
1743692096752
1743692096752
1743692096767
1743692096767
1743692096767
1743692096767
1743692096768
1743692096783
1743692096786
1743692096786
1743692096786
1743692096786
1743692096801
1743692096801
1743692096801
1743692096801
1743692096802
1743692096818
1743692096822
1743692096822
1743692096822
1743692096822
1743692096840
1743692096840
1743692096840
1743692096841
1743692096841
1743692096852
1743692096852
1743692096852
1743692096852
1743692096853
1743692096869
1743692096869
1743692096869
1743692096869
1743692096869
1743692096885
1743692096885
1743692096885
1743692096886
1743692096886
1743692096903
1743692096903
1743692096903
1743692096903
1743692096906
1743692096918
1743692096918
1743692096918
1743692096919
1743692096919
1743692096934
1743692096936
1743692096938
1743692096938
1743692096938
1743692096951
1743692096952
1743692096955
1743692096955
1743692096955
1743692096968
1743692096968
1743692096969
1743692096971
1743692096977
1743692096988
1743692096988
1743692096988
1743692096988
1743692096989
1743692097012
1743692097012
1743692097014
1743692097016
1743692097016
1743692097049
1743692097051
1743692097051
1743692097051
1743692097051
1743692097073
1743692097074
1743692097074
1743692097074
1743692097074
1743692097091
1743692097091
1743692097091
1743692097091
1743692097092
1743692097108
1743692097108
1743692097108
1743692097111
1743692097111
1743692097128
1743692097128
1743692097128
1743692097129
1743692097130
1743692097139
1743692097139
1743692097139
1743692097140
1743692097140
1743692097157
1743692097157
1743692097157
1743692097158
1743692097158
1743692097171
1743692097172
1743692097172
1743692097175
1743692097175
1743692097189
1743692097192
1743692097192
1743692097192
1743692097192
1743692097208
1743692097208
1743692097210
1743692097210
1743692097211
1743692097240
1743692097242
1743692097242
1743692097242
1743692097242
1743692097256
1743692097256
1743692097256
1743692097257
1743692097257
1743692097273
1743692097273
1743692097275
1743692097275
1743692097275
1743692097292
1743692097292
1743692097292
1743692097292
1743692097292
1743692097306
1743692097306
1743692097306
1743692097306
1743692097309
1743692097324
1743692097325
1743692097325
1743692097325
1743692097325
1743692097340
1743692097340
1743692097342
1743692097342
1743692097344
1743692097354
1743692097356
1743692097356
1743692097356
1743692097357
1743692097371
1743692097371
1743692097371
1743692097373
1743692097373
1743692097387
1743692097389
1743692097389
1743692097389
1743692097389
1743692097414
1743692097416
1743692097416
1743692097418
1743692097418
1743692097457
1743692097459
1743692097459
1743692097459
1743692097459
1743692097475
1743692097476
1743692097483
1743692097484
1743692097484
1743692097508
1743692097508
1743692097510
1743692097510
1743692097512
1743692097526
1743692097528
1743692097528
1743692097528
1743692097528
1743692097556
1743692097556
1743692097556
1743692097557
1743692097557
1743692097573
1743692097573
1743692097573
1743692097573
1743692097575
1743692097588
1743692097588
1743692097588
1743692097588
1743692097590
1743692097612
1743692097612
1743692097613
1743692097613
1743692097613
1743692097630
1743692097630
1743692097630
1743692097631
1743692097631
1743692097644
1743692097644
1743692097645
1743692097645
1743692097645
1743692097665
1743692097670
1743692097671
1743692097674
1743692097675
1743692097675
1743692097676
1743692097676
1743692097678
1743692097679
1743692097693
1743692097696
1743692097696
1743692097696
1743692097696
1743692097708
1743692097708
1743692097709
1743692097710
1743692097710
1743692097724
1743692097725
1743692097726
1743692097726
1743692097726
1743692097744
1743692097744
1743692097744
1743692097744
1743692097745
1743692097773
1743692097774
1743692097774
1743692097776
1743692097776
1743692097788
1743692097791
1743692097791
1743692097792
1743692097797
1743692097811
1743692097811
1743692097813
1743692097813
1743692097816
1743692097842
1743692097848
1743692097849
1743692097849
1743692097851
1743692097857
1743692097859
1743692097859
1743692097862
1743692097863
1743692097887
1743692097890
1743692097890
1743692097898
1743692097899
1743692097899
1743692097900
1743692097900
1743692097900
1743692097900
1743692097911
1743692097913
1743692097913
1743692097913
1743692097913
1743692097926
1743692097926
1743692097926
1743692097927
1743692097927
1743692097940
1743692097940
1743692097941
1743692097943
1743692097943
1743692097954
1743692097955
1743692097955
1743692097955
1743692097955
1743692097970
1743692097971
1743692097971
1743692097971
1743692097971
1743692097987
1743692097987
1743692097987
1743692097988
1743692097988
1743692098005
1743692098005
1743692098005
1743692098005
1743692098005
1743692098022
1743692098022
1743692098024
1743692098024
1743692098024
1743692098040
1743692098040
1743692098040
1743692098040
1743692098040
1743692098062
1743692098063
1743692098063
1743692098068
1743692098068
1743692098073
1743692098073
1743692098073
1743692098073
1743692098075
1743692098086
1743692098087
1743692098087
1743692098087
1743692098087
1743692098107
1743692098108
1743692098108
1743692098108
1743692098108
1743692098124
1743692098124
1743692098126
1743692098126
1743692098127
1743692098138
1743692098139
1743692098139
1743692098139
1743692098139
1743692098153
1743692098154
1743692098155
1743692098155
1743692098155
1743692098172
1743692098172
1743692098172
1743692098173
1743692098173
1743692098186
1743692098186
1743692098188
1743692098188
1743692098188
1743692098204
1743692098204
1743692098206
1743692098206
1743692098206
1743692098223
1743692098223
1743692098223
1743692098223
1743692098225
1743692098238
1743692098238
1743692098238
1743692098239
1743692098240
1743692098255
1743692098255
1743692098255
1743692098255
1743692098256
1743692098271
1743692098271
1743692098272
1743692098272
1743692098272
1743692098287
1743692098287
1743692098288
1743692098288
1743692098288
1743692098307
1743692098308
1743692098308
1743692098308
1743692098308
1743692098320
1743692098321
1743692098323
1743692098324
1743692098325
1743692098339
1743692098339
1743692098339
1743692098339
1743692098341
1743692098352
1743692098354
1743692098354
1743692098356
1743692098356
1743692098374
1743692098374
1743692098375
1743692098375
1743692098377
1743692098386
1743692098387
1743692098387
1743692098389
1743692098389
1743692098403
1743692098405
1743692098405
1743692098405
1743692098406
1743692098420
1743692098421
1743692098422
1743692098422
1743692098425
1743692098455
1743692098455
1743692098457
1743692098457
1743692098457
1743692098473
1743692098474
1743692098475
1743692098476
1743692098476
1743692098488
1743692098489
1743692098489
1743692098489
1743692098489
1743692098503
1743692098503
1743692098503
1743692098506
1743692098506
1743692098521
1743692098521
1743692098521
1743692098521
1743692098521
1743692098536
1743692098536
1743692098536
1743692098536
1743692098540
1743692098554
1743692098554
1743692098554
1743692098554
1743692098554
1743692098570
1743692098570
1743692098570
1743692098570
1743692098570
1743692098588
1743692098589
1743692098589
1743692098589
1743692098589
1743692098604
1743692098605
1743692098605
1743692098605
1743692098605
1743692098622
1743692098623
1743692098623
1743692098624
1743692098624
1743692098638
1743692098638
1743692098638
1743692098639
1743692098641
1743692098653
1743692098654
1743692098657
1743692098657
1743692098657
1743692098669
1743692098670
1743692098670
1743692098671
1743692098671
1743692098689
1743692098689
1743692098689
1743692098689
1743692098689
1743692098703
1743692098703
1743692098704
1743692098704
1743692098704
1743692098720
1743692098720
1743692098721
1743692098724
1743692098724
1743692098738
1743692098738
1743692098738
1743692098739
1743692098739
1743692098756
1743692098756
1743692098756
1743692098756
1743692098756
1743692098778
1743692098778
1743692098778
1743692098779
1743692098779
1743692098790
1743692098790
1743692098790
1743692098791
1743692098791
1743692098805
1743692098805
1743692098806
1743692098806
1743692098806
1743692098820
1743692098822
1743692098822
1743692098822
1743692098822
1743692098836
1743692098837
1743692098837
1743692098839
1743692098839
1743692098854
1743692098856
1743692098856
1743692098856
1743692098856
1743692098870
1743692098871
1743692098871
1743692098871
1743692098872
1743692098889
1743692098889
1743692098890
1743692098890
1743692098890
1743692098905
1743692098906
1743692098906
1743692098906
1743692098907
1743692098923
1743692098923
1743692098924
1743692098924
1743692098925
1743692098939
1743692098939
1743692098939
1743692098939
1743692098939
1743692098953
1743692098954
1743692098954
1743692098954
1743692098955
1743692098970
1743692098970
1743692098972
1743692098972
1743692098972
1743692098987
1743692098987
1743692098988
1743692098988
1743692098988
1743692099006
1743692099007
1743692099007
1743692099007
1743692099007
1743692099022
1743692099022
1743692099025
1743692099025
1743692099025
1743692099039
1743692099040
1743692099041
1743692099041
1743692099041
1743692099055
1743692099055
1743692099056
1743692099056
1743692099056
1743692099072
1743692099076
1743692099076
1743692099076
1743692099076
1743692099087
1743692099088
1743692099088
1743692099088
1743692099088
1743692099104
1743692099105
1743692099106
1743692099107
1743692099107
1743692099122
1743692099122
1743692099122
1743692099126
1743692099126
1743692099139
1743692099139
1743692099139
1743692099140
1743692099140
1743692099158
1743692099158
1743692099158
1743692099158
1743692099158
1743692099172
1743692099174
1743692099174
1743692099174
1743692099174
1743692099190
1743692099190
1743692099190
1743692099190
1743692099191
1743692099227
1743692099227
1743692099227
1743692099227
1743692099227
1743692099227
1743692099227
1743692099227
1743692099227
1743692099227
1743692099237
1743692099237
1743692099238
1743692099238
1743692099238
1743692099252
1743692099253
1743692099253
1743692099253
1743692099253
1743692099270
1743692099270
1743692099270
1743692099271
1743692099271
1743692099286
1743692099288
1743692099288
1743692099288
1743692099288
1743692099303
1743692099303
1743692099303
1743692099303
1743692099303
1743692099323
1743692099323
1743692099323
1743692099323
1743692099324
1743692099339
1743692099339
1743692099339
1743692099339
1743692099339
1743692099357
1743692099357
1743692099357
1743692099357
1743692099358
1743692099372
1743692099374
1743692099374
1743692099374
1743692099374
1743692099387
1743692099388
1743692099388
1743692099389
1743692099389
1743692099407
1743692099407
1743692099407
1743692099407
1743692099407
1743692099420
1743692099422
1743692099422
1743692099422
1743692099422
1743692099438
1743692099439
1743692099440
1743692099440
1743692099440
1743692099459
1743692099459
1743692099459
1743692099459
1743692099459
1743692099473
1743692099473
1743692099473
1743692099473
1743692099474
1743692099486
1743692099486
1743692099486
1743692099486
1743692099486
1743692099503
1743692099503
1743692099503
1743692099503
1743692099503
1743692099521
1743692099522
1743692099522
1743692099522
1743692099522
1743692099540
1743692099540
1743692099540
1743692099540
1743692099540
1743692099555
1743692099556
1743692099556
1743692099556
1743692099556
1743692099578
1743692099578
1743692099578
1743692099578
1743692099578
1743692099589
1743692099590
1743692099590
1743692099590
1743692099591
1743692099604
1743692099604
1743692099605
1743692099605
1743692099605
1743692099623
1743692099623
1743692099624
1743692099625
1743692099625
1743692099641
1743692099641
1743692099641
1743692099641
1743692099641
1743692099655
1743692099656
1743692099656
1743692099656
1743692099656
1743692099672
1743692099672
1743692099673
1743692099673
1743692099675
1743692099690
1743692099690
1743692099690
1743692099690
1743692099691
1743692099707
1743692099707
1743692099708
1743692099708
1743692099708
1743692099722
1743692099722
1743692099725
1743692099725
1743692099725
1743692099739
1743692099739
1743692099740
1743692099740
1743692099740
1743692099755
1743692099755
1743692099755
1743692099756
1743692099756
1743692099771
1743692099772
1743692099773
1743692099773
1743692099773
1743692099789
1743692099789
1743692099789
1743692099789
1743692099790
1743692099806
1743692099806
1743692099807
1743692099807
1743692099807
1743692099823
1743692099824
1743692099824
1743692099824
1743692099825
1743692099837
1743692099837
1743692099838
1743692099838
1743692099838
1743692099852
1743692099853
1743692099854
1743692099854
1743692099854
1743692099870
1743692099870
1743692099870
1743692099870
1743692099870
1743692099888
1743692099890
1743692099890
1743692099893
1743692099893
1743692099906
1743692099906
1743692099907
1743692099907
1743692099907
1743692099921
1743692099922
1743692099922
1743692099922
1743692099922
1743692099939
1743692099939
1743692099939
1743692099939
1743692099941
1743692099955
1743692099955
1743692099955
1743692099955
1743692099956
1743692099971
1743692099971
1743692099971
1743692099971
1743692099972
1743692099988
1743692099988
1743692099988
1743692099988
1743692099989
1743692100006
1743692100008
1743692100008
1743692100008
1743692100008
1743692100021
1743692100021
1743692100021
1743692100022
1743692100023
1743692100040
1743692100040
1743692100040
1743692100040
1743692100040
1743692100052
1743692100053
1743692100053
1743692100053
1743692100054
1743692100070
1743692100070
1743692100072
1743692100072
1743692100072
1743692100086
1743692100086
1743692100086
1743692100086
1743692100088
1743692100108
1743692100109
1743692100111
1743692100111
1743692100113
1743692100123
1743692100125
1743692100125
1743692100125
1743692100127
1743692100139
1743692100139
1743692100139
1743692100139
1743692100139
1743692100153
1743692100154
1743692100154
1743692100156
1743692100156
1743692100170
1743692100171
1743692100171
1743692100171
1743692100171
1743692100191
1743692100191
1743692100191
1743692100192
1743692100192
1743692100205
1743692100205
1743692100205
1743692100205
1743692100206
1743692100221
1743692100221
1743692100222
1743692100222
1743692100222
1743692100240
1743692100240
1743692100240
1743692100240
1743692100240
1743692100256
1743692100256
1743692100258
1743692100259
1743692100259
1743692100272
1743692100272
1743692100272
1743692100272
1743692100272
1743692100288
1743692100288
1743692100290
1743692100290
1743692100290
1743692100305
1743692100305
1743692100305
1743692100305
1743692100306
1743692100321
1743692100322
1743692100323
1743692100323
1743692100323
1743692100338
1743692100338
1743692100338
1743692100341
1743692100341
1743692100356
1743692100356
1743692100356
1743692100357
1743692100357
1743692100371
1743692100371
1743692100372
1743692100372
1743692100372
1743692100388
1743692100389
1743692100389
1743692100389
1743692100389
1743692100404
1743692100407
1743692100407
1743692100407
1743692100407
1743692100420
1743692100421
1743692100421
1743692100423
1743692100423
1743692100436
1743692100436
1743692100438
1743692100438
1743692100438
1743692100453
1743692100453
1743692100453
1743692100455
1743692100455
1743692100470
1743692100471
1743692100471
1743692100472
1743692100472
1743692100487
1743692100487
1743692100488
1743692100488
1743692100488
1743692100506
1743692100506
1743692100506
1743692100506
1743692100506
1743692100520
1743692100521
1743692100521
1743692100521
1743692100522
1743692100537
1743692100537
1743692100537
1743692100538
1743692100539
1743692100554
1743692100554
1743692100554
1743692100554
1743692100554
1743692100570
1743692100570
1743692100570
1743692100570
1743692100570
1743692100586
1743692100586
1743692100587
1743692100587
1743692100587
1743692100604
1743692100604
1743692100605
1743692100605
1743692100605
1743692100622
1743692100622
1743692100622
1743692100622
1743692100622
1743692100637
1743692100637
1743692100637
1743692100637
1743692100637
1743692100655
1743692100656
1743692100656
1743692100656
1743692100656
1743692100670
1743692100670
1743692100670
1743692100670
1743692100670
1743692100686
1743692100686
1743692100686
1743692100686
1743692100686
1743692100704
1743692100704
1743692100704
1743692100704
1743692100704
1743692100721
1743692100721
1743692100721
1743692100721
1743692100721
1743692100737
1743692100737
1743692100739
1743692100739
1743692100739
1743692100754
1743692100754
1743692100754
1743692100754
1743692100754
1743692100769
1743692100770
1743692100770
1743692100770
1743692100770
1743692100787
1743692100787
1743692100787
1743692100788
1743692100788
1743692100808
1743692100808
1743692100808
1743692100808
1743692100808
1743692100822
1743692100822
1743692100822
1743692100822
1743692100824
1743692100839
1743692100839
1743692100840
1743692100840
1743692100840
1743692100855
1743692100855
1743692100855
1743692100855
1743692100855
1743692100870
1743692100870
1743692100870
1743692100870
1743692100870
1743692100886
1743692100888
1743692100888
1743692100888
1743692100888
1743692100905
1743692100905
1743692100905
1743692100905
1743692100906
1743692100922
1743692100924
1743692100924
1743692100924
1743692100925
1743692100938
1743692100938
1743692100938
1743692100938
1743692100938
1743692100953
1743692100954
1743692100955
1743692100955
1743692100955
1743692100972
1743692100972
1743692100972
1743692100972
1743692100972
1743692100987
1743692100988
1743692100988
1743692100988
1743692100988
1743692101004
1743692101005
1743692101005
1743692101005
1743692101007
1743692101026
1743692101026
1743692101027
1743692101027
1743692101027
1743692101038
1743692101038
1743692101039
1743692101039
1743692101039
1743692101055
1743692101055
1743692101055
1743692101056
1743692101057
1743692101073
1743692101073
1743692101073
1743692101073
1743692101074
1743692101088
1743692101089
1743692101089
1743692101089
1743692101090
1743692101095
1743692101097
1743692101097
1743692101097
1743692101097
